[gd_scene load_steps=11 format=2]

[ext_resource path="res://hound/scripts/Hound.gd" type="Script" id=1]
[ext_resource path="res://hound/meshs/hound.dae" type="PackedScene" id=2]
[ext_resource path="res://hound/materials/Hound1.tres" type="Material" id=3]
[ext_resource path="res://hound/materials/Hound2.tres" type="Material" id=4]

[sub_resource type="PhysicsMaterial" id=1]
friction = 4.0
rough = true

[sub_resource type="PrismMesh" id=2]

[sub_resource type="SpatialMaterial" id=3]
flags_transparent = true
albedo_color = Color( 0.219608, 1, 0, 0.0980392 )
metallic = 1.0
roughness = 0.0
emission_enabled = true
emission = Color( 0.756863, 1, 0.356863, 1 )
emission_energy = 1.99
emission_operator = 0
emission_on_uv2 = false

[sub_resource type="CapsuleShape" id=4]
radius = 1.23215
height = 3.28116

[sub_resource type="BoxShape" id=5]
extents = Vector3( 0.935772, 1.91669, 2.45865 )

[sub_resource type="CapsuleShape" id=6]
radius = 0.893146
height = 1.73183

[node name="Hound" type="RigidBody"]
mass = 350.0
physics_material_override = SubResource( 1 )
continuous_cd = true
contact_monitor = true
can_sleep = false
axis_lock_angular_x = true
axis_lock_angular_z = true
angular_damp = 41.34
script = ExtResource( 1 )

[node name="DirectionIndicator" type="MeshInstance" parent="."]
transform = Transform( 0.5, 0, 0, 0, -2.18557e-09, -0.05, 0, 0.85, -3.71547e-08, 0, 7, 4 )
mesh = SubResource( 2 )
material/0 = SubResource( 3 )

[node name="Mesh" type="Spatial" parent="."]

[node name="CameraTarget" type="Spatial" parent="Mesh"]
transform = Transform( -1, 3.90798e-14, -8.74228e-08, -8.19467e-09, 0.995597, 0.0937365, 8.70379e-08, 0.0937365, -0.995597, 0, 8.8999, -14.3079 )

[node name="Scene Root" parent="Mesh" instance=ExtResource( 2 )]

[node name="Cube" parent="Mesh/Scene Root/Armature/Skeleton" index="0"]
material/0 = ExtResource( 3 )
material/1 = ExtResource( 4 )

[node name="AnimationPlayer" parent="Mesh/Scene Root" index="1"]
playback_speed = 2.0

[node name="CollisionShapeBody" type="CollisionShape" parent="."]
transform = Transform( 1, 0, 0, 0, 1, 0, 0, 0, 1, 0, 3.95364, 0 )
shape = SubResource( 4 )

[node name="CollisionShapeFeet" type="CollisionShape" parent="."]
transform = Transform( 1, 0, 0, 0, 1, 0, 0, 0, 1, 0, 1.89623, -0.139966 )
shape = SubResource( 5 )

[node name="CollisionShapeHead" type="CollisionShape" parent="."]
transform = Transform( 1, 0, 0, 0, 0.758836, 0.651281, 0, -0.651281, 0.758836, 0, 5.25984, 2.96631 )
shape = SubResource( 6 )

[node name="Camera" type="InterpolatedCamera" parent="."]
transform = Transform( -1, 4.44089e-14, -8.74228e-08, -8.19467e-09, 0.995597, 0.0937365, 8.70379e-08, 0.0937365, -0.995597, 0, 8.8999, -14.3079 )
fov = 90.0
far = 500.0
target = NodePath("../Mesh/CameraTarget")
enabled = true

[node name="Timer" type="Timer" parent="."]
process_mode = 0
wait_time = 0.01
one_shot = true

[connection signal="timeout" from="Timer" to="." method="_on_Timer_timeout"]

[editable path="Mesh/Scene Root"]
