# Blender v2.80 (sub 57) OBJ File: 'hound.blend'
# www.blender.org
mtllib hound.mtl
o Cube
v 0.741326 3.663936 2.541736
v 0.725137 4.862564 1.808078
v 0.797680 3.190579 0.391564
v 0.783610 4.833749 0.201798
v 0.492522 4.114098 -1.507531
v 0.486982 4.918020 -1.685164
v 0.415772 4.053574 -2.449142
v 0.413213 4.619253 -2.508840
v 0.524223 3.286701 2.065147
v 0.578967 4.609197 1.532975
v 0.525617 3.265888 1.237520
v 0.578967 4.434194 0.903779
v 0.506431 5.874413 2.702497
v 0.483909 5.370409 3.205780
v 0.447637 5.988345 4.507693
v 0.434696 5.471366 4.499135
v 0.372942 6.333440 2.876788
v 0.301409 6.344268 4.269116
v 0.251515 5.825595 5.077995
v 0.251734 5.577259 5.063003
v 0.510348 5.327440 2.313696
v 0.509093 4.554124 2.923040
v 0.820099 3.059517 1.641738
v 0.798199 4.757267 1.084520
v 0.986937 4.434194 0.903779
v 1.040287 3.265888 1.237520
v 1.041681 3.286701 2.065147
v 0.986937 4.609197 1.532975
v 0.629903 1.281098 1.268039
v 0.636377 1.287629 0.840606
v 0.936001 1.281098 1.268039
v 0.929527 1.287629 0.840603
v 0.649956 0.008637 1.673849
v 0.683662 0.016193 1.398587
v 0.915947 0.008637 1.673849
v 0.882242 0.016192 1.398587
v 0.914092 0.309364 1.250974
v 0.651811 0.309364 1.250976
v 0.932282 0.299985 1.606097
v 0.633621 0.299985 1.606097
v 0.683662 0.031277 1.907457
v 0.882242 0.031277 1.907457
v 0.880415 0.155049 1.893495
v 0.685488 0.155049 1.893495
v 0.584377 2.468702 1.496106
v 0.981527 2.468702 1.496107
v 0.591359 2.418533 0.883497
v 0.974545 2.418533 0.883498
v 0.255073 2.672251 -1.497754
v 0.228508 4.562663 -1.790528
v 0.318583 2.588490 -2.474625
v 0.243015 4.225454 -2.605264
v 0.696561 4.225454 -2.608455
v 1.030618 2.587619 -2.486859
v 0.993720 2.671452 -1.513047
v 0.685745 4.562664 -1.793524
v 0.726433 0.006402 -2.877295
v 0.766298 0.012839 -3.120863
v 1.027736 0.006402 -2.877243
v 0.989905 0.012840 -3.120862
v 1.016497 0.326509 -3.188156
v 0.723372 0.327380 -3.184435
v 1.027508 0.312722 -2.918493
v 0.683486 0.313296 -2.913433
v 0.764468 0.027924 -2.653243
v 0.991178 0.027924 -2.653222
v 0.996402 0.144990 -2.667715
v 0.775382 0.144990 -2.667778
v 0.438755 1.354396 -2.718947
v 0.915578 1.351203 -2.750125
v 0.599009 1.369212 -3.119228
v 1.004299 1.365697 -3.136334
v 0.512286 5.495479 3.751423
v 0.582893 6.022203 3.629108
v 0.354436 6.451856 3.600622
v 0.636461 4.914834 -0.721629
v 0.645448 3.708654 -0.562723
v 0.449291 6.045018 2.856720
v 0.348011 6.395672 3.274330
v 0.556998 6.226753 2.416967
v 0.479570 6.649740 2.727621
v 0.882524 6.247379 2.155219
v 0.853796 6.463424 2.259576
v 0.341736 4.286771 -2.341685
v 0.343284 4.660876 -2.373646
v 0.133106 2.690490 -3.891371
v 0.163431 2.462770 -3.874427
v 0.073312 2.212638 -4.963457
v 0.095748 2.064020 -4.915234
v 0.049253 2.375566 -5.543807
v 0.058206 2.310757 -5.523164
v 0.207917 3.414424 -3.004056
v 0.197532 3.704998 -3.032701
v -0.741326 3.663936 2.541737
v -0.725137 4.862564 1.808078
v -0.797680 3.190579 0.391564
v -0.783610 4.833749 0.201798
v -0.492522 4.114098 -1.507531
v -0.486982 4.918020 -1.685164
v -0.415772 4.053574 -2.449142
v -0.413213 4.619253 -2.508840
v -0.524223 3.286701 2.065147
v -0.578967 4.609197 1.532975
v -0.525617 3.265888 1.237519
v -0.578967 4.434194 0.903779
v 0.000000 2.780098 0.440593
v 0.000000 5.245687 0.163624
v 0.000000 3.364919 2.725070
v 0.000000 5.155234 1.617192
v 0.000000 3.914512 -1.463057
v 0.000000 5.134325 -1.728629
v 0.000000 3.923487 -2.553087
v -0.000000 4.686636 -2.614519
v -0.506431 5.874413 2.702497
v -0.483909 5.370409 3.205781
v 0.000000 5.272000 3.340193
v -0.000000 5.933948 2.453045
v -0.447637 5.988345 4.507693
v -0.434696 5.471366 4.499135
v 0.000000 5.366572 4.510125
v 0.000000 6.076607 4.660984
v -0.372942 6.333440 2.876787
v 0.000000 6.360822 2.789889
v -0.301409 6.344268 4.269116
v 0.000000 6.363814 4.339439
v -0.251515 5.825595 5.077996
v -0.251734 5.577259 5.063004
v 0.000000 5.548577 5.123827
v -0.000000 5.863426 5.144052
v 0.000000 5.520955 2.140944
v -0.510348 5.327440 2.313696
v -0.509093 4.554124 2.923040
v 0.000000 4.361459 3.078954
v -0.820099 3.059517 1.641738
v -0.798199 4.757266 1.084520
v 0.000000 5.177781 0.948753
v 0.000000 2.635747 1.782158
v -0.986937 4.434194 0.903779
v -1.040287 3.265888 1.237520
v -1.041681 3.286701 2.065147
v -0.986937 4.609197 1.532975
v -0.629903 1.281098 1.268039
v -0.636377 1.287629 0.840606
v -0.936001 1.281098 1.268039
v -0.929527 1.287629 0.840603
v -0.649956 0.008637 1.673849
v -0.683662 0.016193 1.398587
v -0.915947 0.008637 1.673849
v -0.882242 0.016193 1.398586
v -0.914092 0.309365 1.250974
v -0.651811 0.309364 1.250976
v -0.932283 0.299985 1.606097
v -0.633621 0.299985 1.606097
v -0.683662 0.031277 1.907457
v -0.882242 0.031277 1.907457
v -0.880415 0.155049 1.893495
v -0.685488 0.155049 1.893495
v -0.584377 2.468702 1.496106
v -0.981527 2.468702 1.496107
v -0.591359 2.418533 0.883497
v -0.974545 2.418533 0.883498
v -0.255073 2.672250 -1.497754
v -0.228508 4.562664 -1.790528
v -0.318583 2.588490 -2.474625
v -0.243015 4.225454 -2.605265
v -0.696561 4.225454 -2.608455
v -1.030618 2.587619 -2.486859
v -0.993720 2.671452 -1.513047
v -0.685745 4.562663 -1.793524
v -0.726433 0.006402 -2.877295
v -0.766298 0.012840 -3.120863
v -1.027736 0.006401 -2.877244
v -0.989905 0.012839 -3.120862
v -1.016497 0.326509 -3.188156
v -0.723372 0.327380 -3.184435
v -1.027508 0.312722 -2.918493
v -0.683486 0.313296 -2.913433
v -0.764468 0.027924 -2.653243
v -0.991178 0.027924 -2.653222
v -0.996402 0.144990 -2.667715
v -0.775382 0.144990 -2.667778
v -0.438755 1.354396 -2.718946
v -0.915578 1.351203 -2.750126
v -0.599009 1.369212 -3.119228
v -1.004299 1.365697 -3.136334
v -0.512286 5.495479 3.751423
v 0.000000 5.391280 3.808672
v -0.582893 6.022203 3.629108
v 0.000000 6.535191 3.585667
v -0.354436 6.451856 3.600622
v -0.636461 4.914834 -0.721629
v -0.645448 3.708654 -0.562723
v 0.000000 5.221368 -0.755675
v -0.000000 3.407577 -0.522405
v -0.449291 6.045018 2.856720
v -0.348011 6.395672 3.274330
v -0.556998 6.226753 2.416967
v -0.479570 6.649740 2.727621
v -0.882524 6.247379 2.155219
v -0.853796 6.463424 2.259576
v -0.341736 4.286771 -2.341685
v -0.343284 4.660876 -2.373646
v 0.000000 4.197085 -2.365679
v 0.000000 4.754636 -2.384543
v 0.000000 2.762796 -3.915195
v -0.133106 2.690490 -3.891371
v -0.163431 2.462770 -3.874427
v 0.000000 2.391450 -3.872916
v 0.000000 2.268591 -4.989923
v -0.073312 2.212638 -4.963457
v -0.095748 2.064020 -4.915234
v 0.000000 2.038284 -4.884395
v 0.000000 2.425010 -5.608308
v -0.049253 2.375566 -5.543807
v -0.058206 2.310757 -5.523164
v -0.000000 2.350139 -5.573069
v -0.207917 3.414424 -3.004056
v -0.197532 3.704998 -3.032701
v 0.000000 3.309951 -3.007275
v 0.000000 3.783412 -3.049647
v 0.448465 5.193887 0.165887
v 0.909242 4.011982 0.295324
v 0.822201 3.042776 1.012812
v 0.780960 4.768138 1.471491
v 0.843216 4.264043 2.175852
v 0.428691 3.401945 2.701989
v 0.279184 5.103107 -1.723454
v 0.563215 4.513969 -1.596474
v 0.550273 4.944148 -1.189477
v 0.557456 3.974376 -1.003365
v 0.257911 4.674139 -2.596606
v 0.444868 4.313967 -2.547895
v 0.453939 4.793964 -2.190802
v 0.458009 4.074423 -2.073894
v 0.524450 3.921665 1.053828
v 0.428158 3.276294 1.651333
v 0.534266 4.632173 1.163593
v 0.524275 4.052588 1.866935
v 0.460776 2.831351 0.434260
v 0.414525 5.120587 1.643105
v 0.284031 3.939460 -1.468611
v 0.259956 3.945835 -2.535093
v 0.000000 4.253394 -2.741021
v -0.000000 4.981721 -2.231517
v 0.000000 3.889912 -2.060225
v 0.000000 5.726839 2.318426
v 0.000000 5.198090 -1.233054
v 0.000000 5.130882 1.297031
v -0.000000 2.922164 2.336446
v 0.000000 3.732985 -0.956607
v 0.563950 5.583060 2.973988
v 0.277237 5.283448 3.316993
v 0.274828 5.926764 2.487893
v 0.492802 5.471327 4.114752
v 0.478587 5.587885 2.491551
v 0.621030 4.092100 2.776762
v 0.000000 3.848989 2.948715
v 0.503744 5.697385 4.500343
v 0.249764 5.378534 4.505430
v 0.230684 6.065394 4.641396
v 0.000000 5.429308 4.862576
v 0.000000 5.406995 3.540820
v -0.000000 6.158677 2.581298
v 0.577595 5.980996 3.162531
v 0.231029 6.355950 2.808556
v 0.177047 6.360347 4.326343
v 0.000000 6.482836 4.014910
v 0.381131 6.412403 3.161406
v 0.442984 6.174497 2.773606
v 0.377113 6.218171 4.358686
v 0.000000 6.215036 4.510754
v 0.257100 5.703058 5.110035
v 0.145589 5.553163 5.112981
v 0.145449 5.856606 5.132112
v 0.000000 5.709386 5.223617
v 0.339350 5.880170 4.874463
v 0.338176 5.514183 4.852772
v -0.000000 5.973055 4.909504
v 0.000000 5.306322 1.903602
v 0.613851 5.066583 2.089358
v 0.471532 5.021477 3.047066
v 0.000000 4.883684 3.195558
v 0.293639 5.496731 2.168242
v 0.292540 4.385364 3.057971
v 0.586178 4.940676 2.620473
v 0.802304 3.290785 2.163060
v 0.803646 4.788025 0.655336
v 0.000000 5.223396 0.573437
v 0.000000 2.606964 1.103727
v 0.455679 5.126312 0.964779
v 0.474842 2.688437 1.764387
v 0.930521 3.908799 1.362547
v 1.041454 3.921665 1.053828
v 1.137746 3.276294 1.651334
v 1.031637 4.632174 1.163593
v 1.041628 4.052589 1.866935
v 0.782952 3.290603 2.220327
v 0.782952 4.751787 1.544868
v 0.782952 3.261986 1.082340
v 0.782952 4.512559 0.782318
v 0.576960 1.284364 1.054323
v 0.988943 1.284364 1.054321
v 0.782952 1.279874 1.348184
v 0.782952 1.288854 0.760460
v 0.610730 1.918934 1.287899
v 1.014285 2.827002 1.857419
v 0.618389 1.884270 0.781429
v 1.010118 2.806648 1.128212
v 0.655742 0.007212 1.506410
v 0.910161 0.007213 1.506410
v 0.782952 -0.020798 1.677165
v 0.782952 0.004531 1.378646
v 0.908559 0.087980 1.353826
v 0.647185 0.731000 1.041067
v 0.966824 0.101167 1.659636
v 0.599079 0.101167 1.659636
v 0.918718 0.731000 1.041063
v 0.657344 0.087980 1.353827
v 0.924309 0.727757 1.395214
v 0.641595 0.727757 1.395215
v 0.598629 0.317410 1.399984
v 0.782952 0.362667 1.639870
v 0.967274 0.317410 1.399983
v 0.782952 0.305067 1.197918
v 0.782952 0.017715 1.925112
v 0.902887 0.093163 1.916618
v 0.663017 0.093163 1.916618
v 0.782952 0.168611 1.908123
v 0.908938 0.184906 1.803212
v 0.910161 0.013930 1.824575
v 0.655742 0.013931 1.824576
v 0.656966 0.184906 1.803212
v 0.551619 2.827002 1.857418
v 0.955173 1.918934 1.287900
v 0.555785 2.806648 1.128210
v 0.947514 1.884270 0.781427
v 0.782952 2.472809 0.705239
v 1.051286 2.436960 1.196419
v 0.514618 2.436960 1.196419
v 0.782952 2.480606 1.608489
v 0.234777 3.517293 -2.533628
v 0.150826 2.630527 -1.983608
v 0.180867 4.519126 -2.247082
v 0.210421 3.766278 -1.502308
v 0.878821 3.517184 -2.540365
v 1.148170 2.629379 -2.002533
v 0.715310 4.519126 -2.250217
v 0.863864 3.766178 -1.509107
v 0.614983 2.687563 -1.322524
v 0.431643 4.868487 -1.734235
v 0.684014 2.572343 -2.663618
v 0.452771 4.330086 -2.737406
v 0.973741 1.900839 -2.087802
v 1.046061 1.901778 -2.766865
v 0.733819 0.004786 -3.027248
v 1.020981 0.004786 -3.027220
v 0.875298 -0.021356 -2.873742
v 0.877478 0.001912 -3.137916
v 1.019933 0.084669 -3.152121
v 0.684113 0.799407 -3.217805
v 1.086470 0.096874 -2.888983
v 0.671252 0.096947 -2.888486
v 0.738260 0.084778 -3.151659
v 0.575010 0.807132 -2.970798
v 0.647004 0.337301 -3.069904
v 0.841989 0.383051 -2.883416
v 1.068084 0.336180 -3.077105
v 0.875136 0.321574 -3.226378
v 0.876880 0.015097 -2.635573
v 1.018447 0.086457 -2.644326
v 0.745216 0.086457 -2.644369
v 0.886783 0.157816 -2.653122
v 1.025955 0.176436 -2.754656
v 1.021828 0.011504 -2.734687
v 0.732086 0.011504 -2.734727
v 0.741026 0.176483 -2.754312
v 0.331473 1.903134 -2.061064
v 0.941501 0.804864 -2.991666
v 0.459336 1.904283 -2.750037
v 0.998457 0.796902 -3.228781
v 0.832429 1.408285 -3.313682
v 1.042408 1.353867 -2.935997
v 0.434892 1.358457 -2.902851
v 0.654110 1.351539 -2.665203
v 0.504426 5.499953 3.441978
v 0.000000 5.361274 4.142788
v 0.551302 6.012191 4.075482
v 0.000000 6.492936 3.145644
v 0.327149 6.413628 4.018864
v 0.493103 6.278723 3.606208
v 0.184819 6.523659 3.591617
v 0.601626 5.728205 3.686161
v 0.293341 5.402188 3.794336
v 0.722359 4.876103 -0.258863
v 0.733353 3.428711 -0.121188
v 0.000000 5.240078 -0.285004
v -0.000000 3.067100 -0.085610
v 0.372481 3.445208 -0.527465
v 0.737098 4.311062 -0.642959
v 0.364617 5.181692 -0.752967
v 0.392314 6.173839 3.143974
v 0.518284 6.438247 2.572294
v 0.483048 6.112004 2.611146
v 0.370287 6.574877 3.073204
v 0.930567 6.328669 2.160202
v 0.720921 6.247406 2.254200
v 0.670668 6.594306 2.446378
v 0.197621 4.742948 -2.383181
v 0.393887 4.473314 -2.353304
v 0.196266 4.207246 -2.353957
v 0.071987 2.749170 -3.906898
v 0.170509 2.576507 -3.880110
v 0.098522 2.404706 -3.872845
v 0.130999 2.160441 -4.404154
v 0.181572 2.915535 -3.405086
v 0.262117 4.198109 -2.691075
v 0.000000 2.822542 -3.407831
v 0.000000 4.283214 -2.704905
v 0.038789 2.256713 -4.982182
v 0.097210 2.134552 -4.939892
v 0.058420 2.038831 -4.893775
v 0.101760 2.351247 -4.438864
v 0.000000 2.113957 -4.386259
v 0.000000 2.418802 -4.465527
v 0.029272 2.416605 -5.594923
v 0.056716 2.369370 -5.570393
v 0.036145 2.341959 -5.566121
v 0.000000 2.446316 -5.676320
v -0.000000 2.164626 -5.296946
v 0.072553 2.172965 -5.314154
v 0.057380 2.276825 -5.350647
v -0.000000 2.317026 -5.378524
v 0.265027 3.868198 -2.658256
v 0.159695 3.174215 -3.423477
v 0.000000 3.766826 -2.669226
v 0.000000 3.249060 -3.443824
v 0.112023 3.771228 -3.045098
v 0.121110 3.331908 -3.004262
v 0.233133 3.562968 -3.015858
v -0.448465 5.193887 0.165887
v -0.909242 4.011981 0.295324
v -0.822201 3.042776 1.012812
v -0.780960 4.768138 1.471491
v -0.843216 4.264043 2.175851
v -0.428691 3.401945 2.701989
v -0.279184 5.103107 -1.723454
v -0.563215 4.513969 -1.596474
v -0.550273 4.944148 -1.189477
v -0.557456 3.974376 -1.003365
v -0.257911 4.674138 -2.596606
v -0.444868 4.313967 -2.547895
v -0.453939 4.793964 -2.190802
v -0.458009 4.074424 -2.073894
v -0.524449 3.921665 1.053828
v -0.428158 3.276294 1.651333
v -0.534266 4.632174 1.163593
v -0.524275 4.052589 1.866935
v -0.460776 2.831352 0.434260
v -0.414525 5.120587 1.643105
v -0.284031 3.939459 -1.468611
v -0.259956 3.945834 -2.535093
v -0.563950 5.583060 2.973988
v -0.277237 5.283448 3.316993
v -0.274828 5.926764 2.487893
v -0.492802 5.471327 4.114752
v -0.478587 5.587885 2.491551
v -0.621030 4.092100 2.776762
v -0.503744 5.697385 4.500343
v -0.249764 5.378534 4.505429
v -0.230684 6.065394 4.641396
v -0.577594 5.980997 3.162531
v -0.231029 6.355950 2.808556
v -0.177047 6.360347 4.326342
v -0.381131 6.412403 3.161406
v -0.442984 6.174497 2.773607
v -0.377113 6.218171 4.358685
v -0.257100 5.703058 5.110035
v -0.145589 5.553163 5.112981
v -0.145449 5.856605 5.132111
v -0.339350 5.880170 4.874463
v -0.338176 5.514183 4.852773
v -0.613851 5.066583 2.089357
v -0.471531 5.021477 3.047066
v -0.293639 5.496731 2.168242
v -0.292540 4.385364 3.057971
v -0.586178 4.940676 2.620473
v -0.802304 3.290785 2.163060
v -0.803646 4.788025 0.655336
v -0.455679 5.126312 0.964779
v -0.474842 2.688437 1.764387
v -0.930521 3.908799 1.362548
v -1.041454 3.921665 1.053829
v -1.137746 3.276294 1.651334
v -1.031637 4.632173 1.163593
v -1.041628 4.052589 1.866935
v -0.782952 3.290603 2.220327
v -0.782952 4.751786 1.544868
v -0.782952 3.261986 1.082340
v -0.782952 4.512559 0.782318
v -0.576960 1.284364 1.054323
v -0.988943 1.284364 1.054321
v -0.782952 1.279874 1.348183
v -0.782952 1.288854 0.760460
v -0.610730 1.918934 1.287899
v -1.014285 2.827002 1.857419
v -0.618389 1.884270 0.781429
v -1.010118 2.806648 1.128211
v -0.655742 0.007212 1.506410
v -0.910161 0.007212 1.506410
v -0.782952 -0.020798 1.677165
v -0.782952 0.004531 1.378646
v -0.908559 0.087980 1.353826
v -0.647185 0.731000 1.041067
v -0.966824 0.101167 1.659636
v -0.599079 0.101167 1.659636
v -0.918718 0.731000 1.041063
v -0.657344 0.087980 1.353827
v -0.924309 0.727757 1.395214
v -0.641595 0.727757 1.395215
v -0.598629 0.317410 1.399984
v -0.782952 0.362667 1.639871
v -0.967274 0.317410 1.399983
v -0.782952 0.305067 1.197918
v -0.782952 0.017715 1.925112
v -0.902887 0.093163 1.916618
v -0.663017 0.093163 1.916618
v -0.782952 0.168611 1.908123
v -0.908938 0.184906 1.803212
v -0.910161 0.013931 1.824575
v -0.655742 0.013930 1.824576
v -0.656966 0.184906 1.803212
v -0.551619 2.827002 1.857418
v -0.955173 1.918934 1.287900
v -0.555785 2.806648 1.128210
v -0.947514 1.884270 0.781427
v -0.782952 2.472809 0.705239
v -1.051286 2.436960 1.196419
v -0.514618 2.436960 1.196419
v -0.782952 2.480606 1.608489
v -0.234777 3.517293 -2.533628
v -0.150826 2.630527 -1.983608
v -0.180867 4.519127 -2.247082
v -0.210421 3.766278 -1.502308
v -0.878821 3.517184 -2.540365
v -1.148170 2.629379 -2.002533
v -0.715310 4.519127 -2.250218
v -0.863864 3.766178 -1.509107
v -0.614983 2.687563 -1.322524
v -0.431643 4.868486 -1.734235
v -0.684014 2.572343 -2.663618
v -0.452771 4.330085 -2.737406
v -0.973741 1.900839 -2.087802
v -1.046061 1.901778 -2.766865
v -0.733819 0.004786 -3.027248
v -1.020981 0.004786 -3.027220
v -0.875298 -0.021356 -2.873742
v -0.877478 0.001912 -3.137915
v -1.019933 0.084669 -3.152122
v -0.684113 0.799407 -3.217805
v -1.086470 0.096874 -2.888983
v -0.671252 0.096947 -2.888487
v -0.738260 0.084778 -3.151660
v -0.575010 0.807132 -2.970798
v -0.647004 0.337301 -3.069904
v -0.841989 0.383051 -2.883416
v -1.068084 0.336180 -3.077105
v -0.875136 0.321574 -3.226378
v -0.876880 0.015097 -2.635573
v -1.018447 0.086457 -2.644327
v -0.745216 0.086457 -2.644369
v -0.886783 0.157817 -2.653123
v -1.025955 0.176436 -2.754656
v -1.021828 0.011504 -2.734686
v -0.732086 0.011504 -2.734727
v -0.741026 0.176483 -2.754312
v -0.331473 1.903134 -2.061064
v -0.941501 0.804864 -2.991666
v -0.459336 1.904283 -2.750036
v -0.998457 0.796902 -3.228781
v -0.832429 1.408285 -3.313682
v -1.042409 1.353866 -2.935996
v -0.434893 1.358457 -2.902851
v -0.654110 1.351539 -2.665203
v -0.504426 5.499953 3.441978
v -0.551302 6.012191 4.075482
v -0.327149 6.413628 4.018864
v -0.493103 6.278723 3.606208
v -0.184819 6.523659 3.591617
v -0.601626 5.728205 3.686161
v -0.293341 5.402188 3.794336
v -0.722359 4.876103 -0.258863
v -0.733353 3.428711 -0.121188
v -0.372481 3.445208 -0.527465
v -0.737098 4.311062 -0.642959
v -0.364617 5.181691 -0.752967
v -0.392314 6.173839 3.143974
v -0.518284 6.438247 2.572294
v -0.483048 6.112004 2.611146
v -0.370287 6.574877 3.073204
v -0.930567 6.328669 2.160202
v -0.720921 6.247406 2.254200
v -0.670668 6.594307 2.446378
v -0.197621 4.742948 -2.383181
v -0.393887 4.473314 -2.353304
v -0.196266 4.207246 -2.353957
v -0.071987 2.749170 -3.906898
v -0.170509 2.576507 -3.880110
v -0.098522 2.404706 -3.872846
v -0.130999 2.160441 -4.404154
v -0.181572 2.915535 -3.405085
v -0.262117 4.198109 -2.691075
v -0.038789 2.256713 -4.982182
v -0.097210 2.134552 -4.939893
v -0.058420 2.038831 -4.893775
v -0.101760 2.351247 -4.438864
v -0.029272 2.416605 -5.594923
v -0.056716 2.369370 -5.570393
v -0.036145 2.341959 -5.566122
v -0.072553 2.172965 -5.314154
v -0.057380 2.276825 -5.350647
v -0.265027 3.868198 -2.658256
v -0.159695 3.174215 -3.423477
v -0.112023 3.771228 -3.045097
v -0.121110 3.331908 -3.004262
v -0.233133 3.562968 -3.015858
v 0.315329 5.163211 -1.228413
v 0.910376 4.030196 1.817410
v 0.464526 2.967880 2.314598
v 0.263453 4.955712 -2.224927
v 0.636944 4.457693 -1.096819
v 0.262051 4.260873 -2.716759
v 0.522794 4.430549 -2.139157
v 0.427116 3.998019 1.454980
v 0.267027 3.913624 -2.060070
v 0.545792 5.301607 2.774164
v 0.445850 5.087370 1.319282
v 0.321615 3.763157 -0.962442
v 0.282619 5.373203 4.133805
v 0.270346 4.900558 3.173078
v 0.274388 5.709461 2.347986
v 0.386644 5.694039 4.864243
v 0.258390 6.158956 2.611288
v 0.576059 5.713324 4.095677
v 0.171107 6.473899 4.015971
v 0.504252 6.237022 3.139949
v 0.211140 6.212973 4.489122
v 0.129988 5.708493 5.209192
v 0.194893 5.439183 4.858777
v 0.192916 5.960301 4.900943
v 0.351887 5.277435 1.930648
v 0.358169 3.879141 2.926845
v 0.710056 4.579763 2.434785
v 0.459313 5.169247 0.581658
v 0.475549 2.661279 1.092124
v 0.934862 3.915456 0.832947
v 1.138788 3.998019 1.454981
v 0.782952 4.090914 2.013932
v 0.782952 1.925842 1.382454
v 0.782952 4.864021 1.048624
v 0.782952 3.905125 0.896029
v 0.782952 0.082866 1.307445
v 0.551413 1.900514 1.035756
v 1.014491 1.900514 1.035755
v 0.782952 1.883894 0.680326
v 0.782952 -0.018376 1.507105
v 0.962997 0.096620 1.485368
v 0.956241 0.095005 1.816393
v 0.602906 0.096620 1.485369
v 0.593201 0.729802 1.216053
v 0.782952 0.731913 1.459752
v 0.972702 0.729802 1.216051
v 0.782952 0.731129 0.976054
v 0.782952 0.093163 1.950493
v 0.782952 -0.015582 1.829508
v 0.782952 0.220126 1.803060
v 0.609662 0.095005 1.816393
v 0.782952 2.808955 0.985346
v 1.098170 2.815737 1.493907
v 0.467733 2.815737 1.493906
v 0.782952 2.831227 1.993736
v 0.101608 3.650668 -2.022172
v 0.989811 3.650525 -2.031346
v 0.529579 3.862867 -1.311790
v 0.857929 0.799716 -3.278342
v 0.409787 4.864011 -2.338725
v 0.558479 3.484131 -2.734396
v 0.879528 0.079547 -3.190870
v 1.032535 0.800492 -3.113038
v 0.741871 0.813115 -2.937331
v 0.875918 -0.019193 -3.026230
v 1.080665 0.093484 -3.041040
v 1.077852 0.088741 -2.742905
v 0.675484 0.093621 -3.040242
v 0.881777 0.086457 -2.610474
v 0.875071 -0.016400 -2.729591
v 0.883360 0.211420 -2.754057
v 0.684845 0.088753 -2.742898
v 0.772254 1.906955 -2.897455
v 1.124979 1.900196 -2.429507
v 0.280047 1.903495 -2.399555
v 0.633893 1.902039 -1.946896
v 0.458933 6.258054 4.043721
v 0.208315 6.482323 3.153316
v 0.592591 5.707671 3.295385
v 0.288809 5.416983 3.520903
v 0.565930 0.803784 -3.091025
v 0.423327 3.112289 -0.090169
v 0.837034 4.152112 -0.191205
v 0.413707 5.194002 -0.283984
v 0.425948 6.338163 2.851078
v 0.702876 6.417823 2.344934
v 0.133836 2.253211 -4.420413
v 0.196228 3.047144 -3.411395
v 0.107685 2.842209 -3.405862
v 0.088543 3.236198 -3.437133
v 0.044273 2.161975 -5.302867
v 0.079710 2.119929 -4.391480
v 0.054127 2.404928 -4.457017
v 0.031834 2.436593 -5.662192
v 0.031020 2.309074 -5.370374
v 0.074385 2.224925 -5.336518
v 0.150281 4.271381 -2.702109
v 0.152827 3.784759 -2.662722
v 0.303108 4.035187 -2.671565
v -0.315329 5.163211 -1.228413
v -0.910376 4.030196 1.817410
v -0.464526 2.967880 2.314598
v -0.263453 4.955712 -2.224927
v -0.636944 4.457693 -1.096819
v -0.262051 4.260873 -2.716759
v -0.522794 4.430549 -2.139157
v -0.427116 3.998019 1.454980
v -0.267027 3.913623 -2.060070
v -0.545792 5.301607 2.774164
v -0.445850 5.087370 1.319282
v -0.321615 3.763157 -0.962442
v -0.282619 5.373203 4.133805
v -0.270346 4.900558 3.173078
v -0.274388 5.709460 2.347986
v -0.386644 5.694038 4.864242
v -0.258390 6.158957 2.611288
v -0.576059 5.713323 4.095676
v -0.171107 6.473898 4.015971
v -0.504252 6.237022 3.139949
v -0.211140 6.212973 4.489123
v -0.129988 5.708493 5.209193
v -0.194893 5.439183 4.858778
v -0.192916 5.960301 4.900943
v -0.351887 5.277435 1.930648
v -0.358169 3.879141 2.926845
v -0.710057 4.579763 2.434785
v -0.459313 5.169246 0.581659
v -0.475549 2.661279 1.092124
v -0.934862 3.915456 0.832947
v -1.138788 3.998019 1.454980
v -0.782952 4.090914 2.013932
v -0.782952 1.925842 1.382454
v -0.782952 4.864021 1.048624
v -0.782952 3.905125 0.896029
v -0.782952 0.082866 1.307445
v -0.551413 1.900514 1.035756
v -1.014491 1.900514 1.035755
v -0.782952 1.883894 0.680326
v -0.782952 -0.018376 1.507105
v -0.962997 0.096620 1.485368
v -0.956241 0.095005 1.816393
v -0.602906 0.096620 1.485368
v -0.593201 0.729802 1.216053
v -0.782952 0.731913 1.459752
v -0.972702 0.729802 1.216051
v -0.782952 0.731129 0.976054
v -0.782952 0.093163 1.950493
v -0.782952 -0.015582 1.829508
v -0.782952 0.220127 1.803061
v -0.609662 0.095005 1.816393
v -0.782952 2.808955 0.985346
v -1.098170 2.815736 1.493907
v -0.467733 2.815737 1.493906
v -0.782952 2.831227 1.993736
v -0.101608 3.650668 -2.022172
v -0.989811 3.650525 -2.031346
v -0.529579 3.862867 -1.311790
v -0.857929 0.799716 -3.278342
v -0.409787 4.864011 -2.338724
v -0.558479 3.484131 -2.734396
v -0.879528 0.079547 -3.190871
v -1.032535 0.800492 -3.113038
v -0.741871 0.813115 -2.937332
v -0.875918 -0.019193 -3.026230
v -1.080664 0.093484 -3.041040
v -1.077852 0.088741 -2.742904
v -0.675484 0.093621 -3.040242
v -0.881777 0.086457 -2.610474
v -0.875071 -0.016400 -2.729591
v -0.883360 0.211420 -2.754057
v -0.684845 0.088753 -2.742899
v -0.772254 1.906955 -2.897455
v -1.124979 1.900196 -2.429507
v -0.280047 1.903495 -2.399555
v -0.633893 1.902039 -1.946897
v -0.458933 6.258054 4.043721
v -0.208315 6.482323 3.153316
v -0.592591 5.707671 3.295385
v -0.288809 5.416983 3.520903
v -0.565930 0.803785 -3.091025
v -0.423327 3.112289 -0.090169
v -0.837034 4.152112 -0.191205
v -0.413707 5.194002 -0.283984
v -0.425948 6.338163 2.851078
v -0.702876 6.417823 2.344934
v -0.133836 2.253211 -4.420413
v -0.196228 3.047144 -3.411395
v -0.107685 2.842209 -3.405862
v -0.088543 3.236198 -3.437133
v -0.044273 2.161975 -5.302868
v -0.079710 2.119929 -4.391480
v -0.054127 2.404928 -4.457017
v -0.031834 2.436593 -5.662193
v -0.031020 2.309074 -5.370374
v -0.074385 2.224925 -5.336518
v -0.150281 4.271381 -2.702109
v -0.152827 3.784759 -2.662722
v -0.303108 4.035187 -2.671565
usemtl Material.001
s 1
f 193 400 626 247
f 400 76 229 626
f 626 229 6 227
f 247 626 227 111
f 23 292 627 286
f 292 24 224 627
f 627 224 2 225
f 286 627 225 1
f 111 227 629 244
f 227 6 233 629
f 629 233 8 231
f 244 629 231 113
f 76 399 630 229
f 399 77 230 630
f 630 230 5 228
f 229 630 228 6
f 112 243 631 242
f 243 113 231 631
f 631 231 8 232
f 242 631 232 7
f 6 228 632 233
f 228 5 234 632
f 632 234 7 232
f 233 632 232 8
f 22 285 635 281
f 285 21 255 635
f 635 255 13 251
f 281 635 251 14
f 24 290 636 224
f 290 136 248 636
f 636 248 109 240
f 224 636 240 2
f 21 283 640 255
f 283 130 246 640
f 640 246 117 253
f 255 640 253 13
f 16 258 641 277
f 258 15 276 641
f 641 276 19 272
f 277 641 272 20
f 13 253 642 269
f 253 117 263 642
f 642 263 123 265
f 269 642 265 17
f 73 392 643 254
f 392 74 387 643
f 643 387 15 258
f 254 643 258 16
f 74 264 645 390
f 264 13 269 645
f 645 269 17 268
f 390 645 268 75
f 2 240 650 280
f 240 109 279 650
f 650 279 130 283
f 280 650 283 21
f 1 225 652 256
f 225 2 280 652
f 652 280 21 285
f 256 652 285 22
f 4 221 653 287
f 221 107 288 653
f 653 288 136 290
f 287 653 290 24
f 3 222 655 223
f 222 4 287 655
f 655 287 24 292
f 223 655 292 23
f 15 387 702 270
f 387 74 390 702
f 702 390 75 389
f 270 702 389 18
f 17 265 703 268
f 265 123 388 703
f 703 388 189 391
f 268 703 391 75
f 14 251 704 385
f 251 13 264 704
f 704 264 74 392
f 385 704 392 73
f 4 222 708 394
f 222 3 395 708
f 708 395 77 399
f 394 708 399 76
f 107 221 709 396
f 221 4 394 709
f 709 394 76 400
f 396 709 400 193
f 193 247 725 595
f 247 111 446 725
f 725 446 99 448
f 595 725 448 191
f 134 487 726 491
f 487 94 444 726
f 726 444 95 443
f 491 726 443 135
f 111 244 728 446
f 244 113 450 728
f 728 450 101 452
f 446 728 452 99
f 191 448 729 594
f 448 99 447 729
f 729 447 98 449
f 594 729 449 192
f 112 461 730 243
f 461 100 451 730
f 730 451 101 450
f 243 730 450 113
f 99 452 731 447
f 452 101 451 731
f 731 451 100 453
f 447 731 453 98
f 132 483 734 486
f 483 115 462 734
f 734 462 114 466
f 486 734 466 131
f 135 443 735 489
f 443 95 459 735
f 735 459 109 248
f 489 735 248 136
f 131 466 739 484
f 466 114 464 739
f 739 464 117 246
f 484 739 246 130
f 119 481 740 468
f 481 127 477 740
f 740 477 126 480
f 468 740 480 118
f 114 475 741 464
f 475 122 472 741
f 741 472 123 263
f 464 741 263 117
f 186 465 742 589
f 465 119 468 742
f 742 468 118 585
f 589 742 585 188
f 188 587 744 471
f 587 190 474 744
f 744 474 122 475
f 471 744 475 114
f 95 482 749 459
f 482 131 484 749
f 749 484 130 279
f 459 749 279 109
f 94 467 751 444
f 467 132 486 751
f 751 486 131 482
f 444 751 482 95
f 97 488 752 440
f 488 135 489 752
f 752 489 136 288
f 440 752 288 107
f 96 442 754 441
f 442 134 491 754
f 754 491 135 488
f 441 754 488 97
f 118 476 801 585
f 476 124 586 801
f 801 586 190 587
f 585 801 587 188
f 122 474 802 472
f 474 190 588 802
f 802 588 189 388
f 472 802 388 123
f 115 584 803 462
f 584 186 589 803
f 803 589 188 471
f 462 803 471 114
f 97 591 807 441
f 591 191 594 807
f 807 594 192 592
f 441 807 592 96
f 107 396 808 440
f 396 193 595 808
f 808 595 191 591
f 440 808 591 97
s 2
f 26 293 656 294
f 293 25 295 656
f 656 295 28 296
f 294 656 296 27
f 10 238 657 298
f 238 9 297 657
f 657 297 27 296
f 298 657 296 28
f 46 340 658 334
f 340 45 305 658
f 658 305 29 303
f 334 658 303 31
f 12 237 659 300
f 237 10 298 659
f 659 298 28 295
f 300 659 295 25
f 11 235 660 299
f 235 12 300 660
f 660 300 25 293
f 299 660 293 26
f 38 324 661 318
f 324 37 313 661
f 661 313 36 312
f 318 661 312 34
f 48 338 663 336
f 338 46 334 663
f 663 334 31 302
f 336 663 302 32
f 47 337 664 307
f 337 48 336 664
f 664 336 32 304
f 307 664 304 30
f 33 309 665 311
f 309 34 312 665
f 665 312 36 310
f 311 665 310 35
f 37 323 666 313
f 323 39 315 666
f 666 315 35 310
f 313 666 310 36
f 35 315 667 330
f 315 39 329 667
f 667 329 43 326
f 330 667 326 42
f 31 303 670 319
f 303 29 320 670
f 670 320 40 322
f 319 670 322 39
f 32 302 671 317
f 302 31 319 671
f 671 319 39 323
f 317 671 323 37
f 30 304 672 314
f 304 32 317 672
f 672 317 37 324
f 314 672 324 38
f 43 328 673 326
f 328 44 327 673
f 673 327 41 325
f 326 673 325 42
f 33 311 674 331
f 311 35 330 674
f 674 330 42 325
f 331 674 325 41
f 39 322 675 329
f 322 40 332 675
f 675 332 44 328
f 329 675 328 43
f 40 316 676 332
f 316 33 331 676
f 676 331 41 327
f 332 676 327 44
f 11 299 677 335
f 299 26 308 677
f 677 308 48 337
f 335 677 337 47
f 26 294 678 308
f 294 27 306 678
f 678 306 46 338
f 308 678 338 48
f 27 297 680 306
f 297 9 333 680
f 680 333 45 340
f 306 680 340 46
s 3
f 54 345 682 346
f 345 53 347 682
f 682 347 56 348
f 346 682 348 55
f 50 344 683 350
f 344 49 349 683
f 683 349 55 348
f 350 683 348 56
f 61 368 684 380
f 368 62 360 684
f 684 360 71 381
f 380 684 381 72
f 52 343 685 352
f 343 50 350 685
f 685 350 56 347
f 352 685 347 53
f 62 368 687 363
f 368 61 359 687
f 687 359 60 358
f 363 687 358 58
f 63 367 688 378
f 367 61 380 688
f 688 380 72 382
f 378 688 382 70
f 69 364 689 384
f 364 64 366 689
f 689 366 63 378
f 384 689 378 70
f 57 355 690 357
f 355 58 358 690
f 690 358 60 356
f 357 690 356 59
f 61 367 691 359
f 367 63 361 691
f 691 361 59 356
f 359 691 356 60
f 59 361 692 374
f 361 63 373 692
f 692 373 67 370
f 374 692 370 66
f 67 372 694 370
f 372 68 371 694
f 694 371 65 369
f 370 694 369 66
f 57 357 695 375
f 357 59 374 695
f 695 374 66 369
f 375 695 369 65
f 63 366 696 373
f 366 64 376 696
f 696 376 68 372
f 373 696 372 67
f 51 351 698 379
f 351 54 354 698
f 698 354 72 381
f 379 698 381 71
f 54 346 699 354
f 346 55 353 699
f 699 353 70 382
f 354 699 382 72
f 55 349 701 353
f 349 49 377 701
f 701 377 69 384
f 353 701 384 70
s 5
f 86 412 712 422
f 412 87 414 712
f 712 414 89 420
f 422 712 420 88
f 93 439 713 434
f 439 92 415 713
f 713 415 87 412
f 434 713 412 86
f 92 438 714 415
f 438 219 417 714
f 714 417 208 413
f 415 714 413 87
f 220 437 715 436
f 437 93 434 715
f 715 434 86 411
f 436 715 411 205
f 89 421 716 430
f 421 212 429 716
f 716 429 216 427
f 430 716 427 91
f 87 413 717 414
f 413 208 423 717
f 717 423 212 421
f 414 717 421 89
f 205 411 718 424
f 411 86 422 718
f 718 422 88 419
f 424 718 419 209
f 216 428 719 427
f 428 213 425 719
f 719 425 90 426
f 427 719 426 91
f 209 419 720 432
f 419 88 431 720
f 720 431 90 425
f 432 720 425 213
f 88 420 721 431
f 420 89 430 721
f 721 430 91 426
f 431 721 426 90
f 204 408 722 418
f 408 85 416 722
f 722 416 93 437
f 418 722 437 220
f 84 410 723 433
f 410 203 435 723
f 723 435 219 438
f 433 723 438 92
f 85 409 724 416
f 409 84 433 724
f 724 433 92 439
f 416 724 439 93
f 206 615 811 607
f 615 210 613 811
f 811 613 211 609
f 607 811 609 207
f 218 622 812 625
f 622 206 607 812
f 812 607 207 610
f 625 812 610 217
f 217 610 813 624
f 610 207 608 813
f 813 608 208 417
f 624 813 417 219
f 220 436 814 623
f 436 205 606 814
f 814 606 206 622
f 623 814 622 218
f 211 619 815 614
f 619 215 618 815
f 815 618 216 429
f 614 815 429 212
f 207 609 816 608
f 609 211 614 816
f 816 614 212 423
f 608 816 423 208
f 205 424 817 606
f 424 209 612 817
f 817 612 210 615
f 606 817 615 206
f 216 618 818 428
f 618 215 617 818
f 818 617 214 616
f 428 818 616 213
f 209 432 819 612
f 432 213 616 819
f 819 616 214 620
f 612 819 620 210
f 210 620 820 613
f 620 214 617 820
f 820 617 215 619
f 613 820 619 211
f 204 418 821 603
f 418 220 623 821
f 821 623 218 611
f 603 821 611 202
f 201 621 822 605
f 621 217 624 822
f 822 624 219 435
f 605 822 435 203
f 202 611 823 604
f 611 218 625 823
f 823 625 217 621
f 604 823 621 201
s 6
f 139 493 755 492
f 493 140 495 755
f 755 495 141 494
f 492 755 494 138
f 103 497 756 457
f 497 141 495 756
f 756 495 140 496
f 457 756 496 102
f 159 533 757 539
f 533 144 502 757
f 757 502 142 504
f 539 757 504 158
f 105 499 758 456
f 499 138 494 758
f 758 494 141 497
f 456 758 497 103
f 104 498 759 454
f 498 139 492 759
f 759 492 138 499
f 454 759 499 105
f 151 517 760 523
f 517 147 511 760
f 760 511 149 512
f 523 760 512 150
f 161 535 762 537
f 535 145 501 762
f 762 501 144 533
f 537 762 533 159
f 160 506 763 536
f 506 143 503 763
f 763 503 145 535
f 536 763 535 161
f 146 510 764 508
f 510 148 509 764
f 764 509 149 511
f 508 764 511 147
f 150 512 765 522
f 512 149 509 765
f 765 509 148 514
f 522 765 514 152
f 148 529 766 514
f 529 155 525 766
f 766 525 156 528
f 514 766 528 152
f 144 518 769 502
f 518 152 521 769
f 769 521 153 519
f 502 769 519 142
f 145 516 770 501
f 516 150 522 770
f 770 522 152 518
f 501 770 518 144
f 143 513 771 503
f 513 151 523 771
f 771 523 150 516
f 503 771 516 145
f 156 525 772 527
f 525 155 524 772
f 772 524 154 526
f 527 772 526 157
f 146 530 773 510
f 530 154 524 773
f 773 524 155 529
f 510 773 529 148
f 152 528 774 521
f 528 156 527 774
f 774 527 157 531
f 521 774 531 153
f 153 531 775 515
f 531 157 526 775
f 775 526 154 530
f 515 775 530 146
f 104 534 776 498
f 534 160 536 776
f 776 536 161 507
f 498 776 507 139
f 139 507 777 493
f 507 161 537 777
f 777 537 159 505
f 493 777 505 140
f 140 505 779 496
f 505 159 539 779
f 779 539 158 532
f 496 779 532 102
s 7
f 167 545 781 544
f 545 168 547 781
f 781 547 169 546
f 544 781 546 166
f 163 549 782 543
f 549 169 547 782
f 782 547 168 548
f 543 782 548 162
f 174 579 783 567
f 579 185 580 783
f 783 580 184 559
f 567 783 559 175
f 165 551 784 542
f 551 166 546 784
f 784 546 169 549
f 542 784 549 163
f 175 562 786 567
f 562 171 557 786
f 786 557 173 558
f 567 786 558 174
f 176 577 787 566
f 577 183 581 787
f 787 581 185 579
f 566 787 579 174
f 182 583 788 563
f 583 183 577 788
f 788 577 176 565
f 563 788 565 177
f 170 556 789 554
f 556 172 555 789
f 789 555 173 557
f 554 789 557 171
f 174 558 790 566
f 558 173 555 790
f 790 555 172 560
f 566 790 560 176
f 172 573 791 560
f 573 179 569 791
f 791 569 180 572
f 560 791 572 176
f 180 569 793 571
f 569 179 568 793
f 793 568 178 570
f 571 793 570 181
f 170 574 794 556
f 574 178 568 794
f 794 568 179 573
f 556 794 573 172
f 176 572 795 565
f 572 180 571 795
f 795 571 181 575
f 565 795 575 177
f 164 578 797 550
f 578 184 580 797
f 797 580 185 553
f 550 797 553 167
f 167 553 798 545
f 553 185 581 798
f 798 581 183 552
f 545 798 552 168
f 168 552 800 548
f 552 183 583 800
f 800 583 182 576
f 548 800 576 162
usemtl Material.002
s 1
f 137 291 628 249
f 291 23 286 628
f 628 286 1 226
f 249 628 226 108
f 5 241 634 234
f 241 110 245 634
f 634 245 112 242
f 234 634 242 7
f 77 398 637 230
f 398 194 250 637
f 637 250 110 241
f 230 637 241 5
f 187 393 638 386
f 393 73 254 638
f 638 254 16 259
f 386 638 259 120
f 133 284 639 282
f 284 22 281 639
f 639 281 14 252
f 282 639 252 116
f 75 391 644 389
f 391 189 267 644
f 644 267 125 266
f 389 644 266 18
f 121 260 646 271
f 260 15 270 646
f 646 270 18 266
f 271 646 266 125
f 20 272 647 273
f 272 19 274 647
f 647 274 129 275
f 273 647 275 128
f 120 259 648 261
f 259 16 277 648
f 648 277 20 273
f 261 648 273 128
f 15 260 649 276
f 260 121 278 649
f 649 278 129 274
f 276 649 274 19
f 108 226 651 257
f 226 1 256 651
f 651 256 22 284
f 257 651 284 133
f 106 239 654 289
f 239 3 223 654
f 654 223 23 291
f 289 654 291 137
f 116 252 705 262
f 252 14 385 705
f 705 385 73 393
f 262 705 393 187
f 3 239 707 395
f 239 106 397 707
f 707 397 194 398
f 395 707 398 77
f 137 249 727 490
f 249 108 445 727
f 727 445 94 487
f 490 727 487 134
f 98 453 733 460
f 453 100 461 733
f 733 461 112 245
f 460 733 245 110
f 192 449 736 593
f 449 98 460 736
f 736 460 110 250
f 593 736 250 194
f 187 386 737 590
f 386 120 469 737
f 737 469 119 465
f 590 737 465 186
f 133 282 738 485
f 282 116 463 738
f 738 463 115 483
f 485 738 483 132
f 190 586 743 588
f 586 124 473 743
f 743 473 125 267
f 588 743 267 189
f 121 271 745 470
f 271 125 473 745
f 745 473 124 476
f 470 745 476 118
f 127 478 746 477
f 478 128 275 746
f 746 275 129 479
f 477 746 479 126
f 120 261 747 469
f 261 128 478 747
f 747 478 127 481
f 469 747 481 119
f 118 480 748 470
f 480 126 479 748
f 748 479 129 278
f 470 748 278 121
f 108 257 750 445
f 257 133 485 750
f 750 485 132 467
f 445 750 467 94
f 106 289 753 458
f 289 137 490 753
f 753 490 134 442
f 458 753 442 96
f 116 262 804 463
f 262 187 590 804
f 804 590 186 584
f 463 804 584 115
f 96 592 806 458
f 592 192 593 806
f 806 593 194 397
f 458 806 397 106
s 2
f 11 236 633 235
f 236 9 238 633
f 633 238 10 237
f 235 633 237 12
f 45 339 662 305
f 339 47 307 662
f 662 307 30 301
f 305 662 301 29
f 40 321 668 316
f 321 38 318 668
f 668 318 34 309
f 316 668 309 33
f 29 301 669 320
f 301 30 314 669
f 669 314 38 321
f 320 669 321 40
f 9 236 679 333
f 236 11 335 679
f 679 335 47 339
f 333 679 339 45
s 3
f 51 342 681 341
f 342 49 344 681
f 681 344 50 343
f 341 681 343 52
f 51 341 686 351
f 341 52 352 686
f 686 352 53 345
f 351 686 345 54
f 64 365 693 362
f 365 62 363 693
f 693 363 58 355
f 362 693 355 57
f 64 362 697 376
f 362 57 375 697
f 697 375 65 371
f 376 697 371 68
f 49 342 700 377
f 342 51 379 700
f 700 379 71 383
f 377 700 383 69
f 71 360 706 383
f 360 62 365 706
f 706 365 64 364
f 383 706 364 69
s 4
f 78 401 710 403
f 401 79 404 710
f 710 404 81 402
f 403 710 402 80
f 80 402 711 406
f 402 81 407 711
f 711 407 83 405
f 406 711 405 82
s 6
f 104 454 732 455
f 454 105 456 732
f 732 456 103 457
f 455 732 457 102
f 158 504 761 538
f 504 142 500 761
f 761 500 143 506
f 538 761 506 160
f 153 515 767 520
f 515 146 508 767
f 767 508 147 517
f 520 767 517 151
f 142 519 768 500
f 519 153 520 768
f 768 520 151 513
f 500 768 513 143
f 102 532 778 455
f 532 158 538 778
f 778 538 160 534
f 455 778 534 104
s 7
f 164 540 780 541
f 540 165 542 780
f 780 542 163 543
f 541 780 543 162
f 164 550 785 540
f 550 167 544 785
f 785 544 166 551
f 540 785 551 165
f 177 561 792 564
f 561 170 554 792
f 792 554 171 562
f 564 792 562 175
f 177 575 796 561
f 575 181 570 796
f 796 570 178 574
f 561 796 574 170
f 162 576 799 541
f 576 182 582 799
f 799 582 184 578
f 541 799 578 164
f 184 582 805 559
f 582 182 563 805
f 805 563 177 564
f 559 805 564 175
s 8
f 195 598 809 596
f 598 197 597 809
f 809 597 198 599
f 596 809 599 196
f 197 601 810 597
f 601 199 600 810
f 810 600 200 602
f 597 810 602 198
